$ANSIBLE_VAULT;1.2;AES256;dev
31363837656535623362356230313239343935373066316431386335353634633832343965353561
3537386339353931656636653230326134373965386263370a666338313464313461636338326565
62333162386237333236653461623765353962353536383032346265633633363633303432643866
3264616333626634370a393332653439363633643535313364356435396433336139643334643865
31613762363735366338373461363262363538386463393263383435353963363365373031396135
62633631393363363733366664656337636238623734366334313737393661366233643965643932
34316165306566383961373937393536363732656338343839616137383234346135383831356636
34626533353966353931336434653730653463316364323962663833616533646434363430386631
37383738643331363765326262326663623830336439373438313631663763383264663333363063
39343265613436363564306162623430626265326235633035663133343437633164343236663233
63376234363265363731333939353038353234633366313336363837643666316666653762316137
61363430336434303566316661633162396262346339396535386532623633626339323866323835
66663234373038373634326465666632346462626261613136383238393065626462366535343965
36663166353236316366626262623434366536643836626565336162623031663035363339383135
61656664663466383163316235653330333534343538396336356430656463393036663063353562
63396362646438626331316535353565613266636166313166356632303964666334383966336264
63643030303036383836366631393430323839316534356362626263613039376162346661616637
32653339643632306330653164303533633533306434363664396533613965613036393138326631
61626335343734363632646335653436326434343333303333333764646233376561303066393234
32373665656237383530363233366663323530616535353061306131333933373965383664366438
61383732653864316564383138333037343134373566393837613732353265336138386638663231
62353066623730373033336430653266366466356537373135616431303962376633383561616662
37363630663366646432363032393734353161336230643636633866373262333665643136303633
64623638623035363165613437313065616635386665616663656234623064626664633532393732
38336333393961373336303030343066613233313139666631303033336230316539666162346664
66383061326662386363653333353965613063633434336634616662396638306633343864346462
63356238383162363630386335383461333962663637393963336530623737333630653363346338
63363832386364313239383062373437643134656161393739333662346632636464656633653731
31643265316634633333323635626137336262636531366261323266623731306430376465343630
63363261366162386364656161346661636366346135636238633537643566373964393331646164
36623632393430663934333834376638393635383261303735396661323766373634383962316339
39376533633031373166363166663336386630666135373037393766646562633436623433653466
38633832353064323765343364663466373938613365363031363037666634356464386138666238
35363766646465356133666434363437666265303134643936613536323461666265666333353562
38616630616337323831616663336565633736393861333437323339633363326630633162653365
39626166363432376534313635643432626363613832623163333134386462663362633963616462
63386530663935373739616563336532366531643561316264356361393631323933313532613738
38636164376536353430343030383437363662326234666564646164323239303132303265386639
61373132623066656365373631306561636464663539376232663636353939666634623734303937
34333632333137633461663335346634663665353135326434366630613362313064363064383339
33356239366131393166353830656266353065306161323030363738313230613661353264306564
61636239393334643331653634373939636261316664396333613036346532663439333834373461
33656338656231393265333135346331303337323833333863653662326239616166386161633366
63323338336139396233393636363465663430313630373730366533643833333136653935336632
30633662313463373135326134306332306633363466373438633932303938336665646362313437
30373263386534396162353562313731383132653263366138663239316339323966643764366237
63613733396234343833646161393135373933616336623836666332643562623064626539366432
33643366366362613131623830366434366266396638363336346239633263633836376639656165
31313864653633663539666131613731376133353532323063343133336134666137333535653566
34643233393138383866376633336538393437346334333533393636613434643332613465363430
34323330333130646562636663383239626362346362643130633735323133343339343137383762
30643331333633613861303736646236653661663563376364383736313335663436353332363838
33356134336161353465356137356338353938383430636235666438626537323631613736343331
61643564333337613964313835646265626665646637326339656363383064333361626535666566
31316564373861363262383861633765643437323231303635633766336533616539393735393866
61376664343862343665316566656434636136636536306261373333666638363964636438393962
39663931343531346335633862656632656564613034353763373662396531353237386361373036
64393037643232343836323435616661346261396431646338333336643436623838663531393030
35643935626634316261643061393365383431303938303762633261336666636430373936613562
63373265653062373862653034346665356166313961363430373732666666653437383166353663
38616635653864663636303237643066653239616631646565393131393635363163313535376261
37366231653765373162333765653661326339626434356433336265323830333466663534336639
64323232383031613530343961633032383361323731636134613163643036666436376365366261
34316563383336373161316633373962666130336430646236316131313631376362643631653866
65396561663537623061353332383738643537396633626231316638346463363563383933653232
32643136623062303365373635346337323234616165343663376630353231646332656435653231
65346261656436666434383461333130373538623730326161643533346663353462333236373938
33653030393564656538323338303439666265336462393663636439653463313064633566643463
63363937646465613836663561663362383065653764303566656336663938633038636132643638
64393062643733356365633162643366303564373737356639363530333433643931353338303239
37376239643333333538616339363630303935646535653333346136613666613034653166323364
39653962666537306634303435653838323939343931386463353037376236663835613438393337
32666163366637333632643461306130623766363861303337343137333864333037626466373536
33646564636166316263363538396237326431623561643139353632373131623936626137343535
38346663643362323938393535663134373731663731616530386561373636653439666339316336
32623535336533333561313538396430393135343565656635653865346634343434383633353065
39343737613366626665383135666337626330323037353439656662303337663033623230643234
61376239613836663863323638366237656431306232323930303830626461616630323431323939
61353361306465336336383765353862373134653439653662386362343666636463363665656333
34343235646331323863633462663739383231626565343464613931363232313635303931646635
30633035353063653539383261326561353265303863666662633130346263666665643138313961
63303031333837613533343635316438623639373635636266646461613365306466663031376634
61313935646436666466356632366365363261613939303337363130303439313334323538663633
62303131343734363434373334356663653866363334393561303863336631356639386138653861
62393666656530316362333266366238613461393933303537353133346362356664623664366331
37303332373464373334383338363665633630626538613733313430613230396562356233633765
65663931323132656335396439383533383533333661616130613532383837656661643933303163
66356437363163353837